Player	Team	PS	GP	Min	FGM	FGA	3M	3A	FTM	FTA	OR	TR	AS	ST	TO	BK	PF	DQ	PTS	TC	EJ	FF	Sta
"acy,quincy"	sac	SF	59	877	119	214	19	49	50	68	65	188	27	29	27	24	103	0	307	3	0	0	29
"adams,jordan"	mem	SG	2	15	2	6	0	1	3	5	0	2	3	3	2	0	2	0	7	0	0	0	0
"adams,steven"	okl	C	80	2019	261	426	0	0	114	196	218	531	61	42	84	89	223	2	636	2	0	0	80
"afflalo,arron"	nyk	SG	71	2359	354	799	91	238	110	131	23	266	145	25	82	10	142	1	909	1	0	0	57
"ajinca,alexis"	nor	C	59	863	150	314	0	1	52	62	75	269	32	19	54	36	134	0	352	2	0	0	17
"aldrich,cole"	lac	C	60	802	134	225	0	0	60	84	86	288	50	47	64	68	139	1	328	0	0	0	5
"aldridge,lamarcu"	san	PF	74	2260	536	1045	0	16	259	302	175	631	110	38	99	81	151	0	1331	0	0	0	74
"alexander,cliff"	por	PF	9	37	5	10	0	0	0	0	2	6	0	1	1	2	1	0	10	0	0	0	0
"allen,lavoy"	ind	PF	79	1601	191	370	0	0	46	73	162	424	76	26	69	42	147	1	428	0	0	0	28
"allen,tony"	mem	SG	64	1622	215	469	15	42	90	138	104	297	70	109	78	18	175	1	535	1	0	0	56
"aminu,al-farouq"	por	SF	82	2342	299	719	126	349	115	156	98	498	138	72	120	53	171	0	839	3	0	0	82
"amundson,lou"	nyk	PF	29	199	19	52	0	0	14	27	23	49	12	6	15	7	44	1	52	1	0	0	0
"andersen,chris"	mem	C	20	368	34	62	2	9	22	32	33	89	9	14	7	10	25	0	92	0	0	0	14
"andersen,chris"	mia	PF	7	36	4	10	2	5	3	4	3	9	3	1	2	3	4	0	13	0	0	0	1
"andersen,chris"	tot	PF	27	404	38	72	4	14	25	36	36	98	12	15	9	13	29	0	105	0	0	0	15
"anderson,alan"	was	SG	13	193	21	59	12	37	11	15	1	27	14	4	2	1	25	0	65	0	0	0	0
"anderson,james"	sac	SG	51	721	67	178	23	86	22	29	13	86	41	21	42	14	54	0	179	0	0	0	15
"anderson,justin"	dal	SG	55	644	71	176	22	83	44	55	19	133	29	19	24	25	45	0	208	0	0	0	9
"anderson,kyle"	san	SF	78	1247	138	296	12	37	62	83	25	245	123	60	59	29	97	0	350	0	0	0	11
"anderson,ryan"	nor	PF	66	2011	397	928	131	357	199	228	132	397	74	38	90	25	109	0	1124	3	0	0	7
"antetokounmpo,gi"	mil	SF	80	2825	513	1012	28	110	296	409	112	613	347	94	208	113	258	7	1350	1	0	0	79
"antetokounmpo,th"	nyk	SF	3	7	3	4	0	1	0	0	0	1	0	0	0	0	2	0	6	0	0	0	0
"anthony,carmelo"	nyk	SF	72	2529	567	1307	105	310	334	403	98	557	299	62	176	38	180	1	1573	4	0	0	72
"anthony,joel"	det	C	19	95	6	10	0	0	6	8	8	21	1	2	2	12	15	0	18	0	0	0	0
"appling,keith"	orl	PG	5	27	2	8	0	3	2	2	0	1	1	1	3	0	5	0	6	0	0	0	0
"ariza,trevor"	hou	SF	81	2860	357	858	185	497	126	161	67	366	188	161	113	26	177	0	1025	2	0	0	81
"artest,ron"	lal	SF	35	588	55	177	26	84	40	57	19	89	27	22	15	11	67	1	176	1	0	0	5
"arthur,darrell"	den	PF	70	1517	221	489	45	117	40	53	86	293	96	53	66	48	185	1	527	2	0	0	16
"asik,omer"	nor	C	68	1181	104	196	0	0	61	112	119	413	26	21	60	23	124	0	269	0	0	0	64
"augustin,d.j."	den	PG	28	661	102	229	44	108	77	94	3	52	132	25	54	2	44	0	325	0	0	0	0
"augustin,d.j."	okl	PG	34	521	46	121	24	61	26	34	5	43	66	13	30	2	41	0	142	0	0	0	0
"augustin,d.j."	tot	PG	62	1182	148	350	68	169	103	128	8	95	198	38	84	4	85	0	467	0	0	0	0
"ayres,jeff"	lac	PF	16	95	10	21	0	1	4	4	3	19	3	0	5	0	16	0	24	0	0	0	0
"babbitt,luke"	nor	SF	47	847	122	289	44	109	39	50	25	148	53	11	23	7	90	0	327	1	0	0	13
"bairstow,cameron"	chi	PF	18	103	13	40	1	5	7	8	4	28	6	2	4	3	19	0	34	0	0	0	2
"barbosa,leandro"	gsw	SG	68	1079	171	370	39	111	52	62	28	117	82	44	53	10	107	0	433	1	0	0	0
"barea,j.j."	dal	PG	74	1666	317	710	100	259	74	96	26	152	301	26	113	2	110	0	808	3	0	0	16
"bargnani,andrea"	bro	C	46	634	127	278	3	15	47	57	28	97	18	4	26	9	61	0	304	0	0	0	0
"barnes,harrison"	gsw	SF	66	2043	295	633	82	214	102	134	77	325	117	41	58	10	136	1	774	0	0	0	59
"barnes,matt"	mem	SF	76	2190	264	693	119	370	111	138	84	419	163	78	121	57	234	1	758	4	0	0	45
"barton,will"	den	SG	82	2355	426	984	112	324	216	268	60	477	204	71	139	39	147	0	1180	2	0	0	1
"bass,brandon"	lal	PF	66	1342	174	317	0	2	125	148	104	285	74	33	42	55	125	1	473	0	0	0	0
"batum,nicolas"	cha	SF	70	2453	372	872	139	399	163	192	55	428	403	65	205	43	114	0	1046	1	0	0	70
"bayless,jerryd"	mil	PG	52	1506	185	437	101	230	70	90	21	141	163	47	73	12	111	0	541	1	0	0	18
"baynes,aron"	det	PF	81	1241	194	384	0	2	126	165	140	384	51	21	67	52	151	0	514	0	0	0	1
"bazemore,kent"	atl	SG	75	2077	320	724	109	304	123	151	28	378	171	98	138	38	176	2	872	4	0	0	68
"beal,bradley"	was	SG	55	1709	359	799	105	271	135	176	41	189	161	54	112	11	117	0	958	0	0	0	35
"beasley,michael"	hou	PF	20	360	107	205	3	9	38	49	29	98	16	11	24	9	39	0	255	0	0	0	0
"belinelli,marco"	sac	SF	68	1670	245	635	91	297	115	138	10	117	128	37	80	2	91	0	696	0	0	0	7
"bennett,anthony"	tor	PF	19	85	8	26	3	14	9	10	6	23	0	5	4	0	8	0	28	0	0	0	0
"beverley,patrick"	hou	PG	71	2038	258	594	124	310	60	88	73	251	240	94	91	26	234	1	700	5	0	0	62
"biyombo,bismack"	tor	PF	82	1810	156	288	0	1	142	226	182	655	29	19	71	133	225	2	454	3	0	0	22
"bjelica,nemanja"	min	PF	60	1078	110	235	48	125	40	55	49	210	83	26	47	21	154	1	308	0	0	0	0
"black,tarik"	lal	C	39	495	57	105	0	0	19	45	44	157	16	14	22	18	78	0	133	0	0	0	0
"blair,dejuan"	was	C	29	218	28	68	0	1	5	13	20	57	11	8	15	2	53	1	61	0	0	0	0
"blake,steve"	det	PG	58	987	93	240	52	151	16	20	9	89	200	24	81	5	70	0	254	0	0	0	2
"bledsoe,eric"	pho	PG	31	1058	223	492	48	129	138	172	18	125	190	63	111	19	75	1	632	2	0	0	31
"bogdanovic,bojan"	bro	SG	79	2114	324	749	129	337	110	132	36	255	99	29	115	5	119	0	887	2	0	0	39
"bogut,andrew"	gsw	C	70	1452	175	279	1	1	24	50	121	491	162	32	83	113	221	4	375	0	0	0	66
"bonner,matt"	san	C	30	210	29	58	15	35	3	4	3	27	9	6	3	1	16	0	76	0	0	0	2
"booker,devin"	pho	SG	76	2110	367	867	99	289	215	256	27	187	200	44	160	20	225	5	1048	0	0	0	51
"booker,trevor"	uta	PF	79	1632	190	388	12	41	71	106	166	452	84	59	81	41	169	1	463	1	0	0	2
"bosh,chris"	mia	PF	53	1778	358	767	81	222	213	268	48	390	129	36	78	34	101	0	1010	2	0	0	53
"bradley,avery"	bos	PG	76	2536	456	1018	147	406	96	123	48	220	158	117	109	19	164	2	1155	0	0	0	72
"brand,elton"	phi	PF	17	225	31	72	0	1	8	9	9	63	18	9	11	8	32	0	70	0	0	0	1
"brewer,corey"	hou	SG	82	1670	212	552	61	225	105	140	42	199	109	84	78	19	168	1	590	0	0	0	12
"brooks,aaron"	chi	PG	69	1111	188	470	66	185	49	64	21	101	180	30	82	10	132	0	491	1	0	0	0
"brown,anthony"	lal	SF	29	596	39	126	20	70	17	20	9	70	19	14	15	5	34	0	115	0	0	0	11
"brown,lorenzo"	pho	PG	8	60	8	25	1	8	3	4	0	7	11	3	9	1	4	0	20	0	0	0	0
"brown,markel"	bro	SG	62	989	127	322	38	121	71	94	23	122	91	38	54	15	94	1	363	1	0	0	6
"bryant,kobe"	lal	SG	66	1861	398	1112	133	466	232	281	42	247	184	62	130	13	115	0	1161	1	0	0	66
"budinger,chase"	ind	SF	49	730	81	194	20	69	34	48	31	121	49	29	31	9	46	0	216	0	0	0	2
"budinger,chase"	pho	SF	17	201	23	45	4	17	5	8	12	29	15	3	13	1	16	0	55	0	0	0	0
"budinger,chase"	tot	SF	66	931	104	239	24	86	39	56	43	150	64	32	44	10	62	0	271	0	0	0	2
"bullock,reggie"	det	SF	37	427	43	98	22	53	14	15	14	68	27	10	8	2	29	0	122	0	0	0	0
"burke,trey"	uta	PG	64	1362	262	634	88	256	67	82	18	112	148	35	80	6	86	0	679	0	0	0	0
"burks,alec"	uta	PG	31	798	137	334	32	79	106	141	16	109	63	18	51	4	71	0	412	0	0	0	3
"butler,caron"	sac	SF	17	176	25	59	3	18	10	12	5	22	10	9	3	1	19	0	63	0	0	0	1
"butler,jimmy"	chi	SG	67	2473	470	1034	64	206	395	475	79	359	321	110	132	43	124	1	1399	1	0	0	67
"butler,rasual"	san	SF	46	432	49	105	15	49	11	16	3	56	24	13	8	23	11	0	124	0	0	0	0
"caboclo,bruno"	tor	SF	6	43	1	12	1	7	0	0	1	2	1	2	4	1	2	0	3	0	0	0	1
"calderon,jose"	nyk	PG	72	2021	209	455	84	203	42	48	22	229	298	63	87	7	135	1	544	2	0	0	72
"caldwell-pope,ke"	det	SG	76	2789	403	960	114	368	185	228	70	282	138	110	105	17	167	0	1105	3	0	0	76
"canaan,isaiah"	phi	PG	77	1968	260	722	176	484	150	180	20	174	137	56	91	12	133	0	846	1	0	0	39
"capela,clint"	hou	C	77	1468	231	397	0	1	80	211	194	494	47	59	60	92	190	3	542	0	0	0	35
"carroll,demarre"	tor	SF	26	787	105	270	46	118	30	50	31	121	26	44	29	6	63	0	286	0	0	0	22
"carter,vince"	mem	SG	60	1009	133	343	59	169	70	84	31	146	56	38	35	16	101	0	395	1	0	0	3
"carter-williams,"	mil	PG	54	1649	251	555	15	55	106	162	48	276	279	80	153	41	162	0	623	3	0	0	37
"casspi,omri"	sac	SF	69	1883	300	623	112	274	103	159	58	410	95	56	94	17	154	1	815	4	0	0	21
"cauley-stein,wil"	sac	C	66	1411	191	339	0	2	81	125	134	352	37	48	46	66	146	1	463	0	0	0	39
"chalmers,mario"	mem	PG	55	1258	172	412	45	138	206	249	23	143	211	80	102	12	165	0	595	5	0	0	7
"chalmers,mario"	mia	PG	6	120	10	32	1	11	12	13	1	14	19	8	9	1	16	0	33	0	0	0	0
"chalmers,mario"	tot	PG	61	1378	182	444	46	149	218	262	24	157	230	88	111	13	181	0	628	5	0	0	7
"chandler,tyson"	pho	C	66	1618	183	314	0	1	106	171	175	576	65	36	93	43	145	1	472	3	0	0	60
"christmas,rakeem"	ind	PF	1	6	2	2	0	0	0	0	1	1	0	0	0	0	1	0	4	0	0	0	0
"clark,ian"	gsw	SG	66	579	89	202	30	84	28	34	14	68	64	17	43	13	58	0	236	1	0	0	1
"clarke,coty"	bos	??	4	8	2	4	2	2	0	0	0	1	0	0	1	0	0	0	6	0	0	0	0
"clarkson,jordan"	lal	PG	79	2556	475	1099	111	318	164	204	96	316	192	88	135	7	168	1	1225	0	0	0	79
"cole,norris"	nor	PG	45	1199	196	485	33	103	52	65	10	151	167	37	75	5	102	0	477	0	0	0	23
"collison,darren"	sac	PG	74	2216	377	776	87	217	194	226	28	169	318	76	129	4	142	0	1035	1	0	0	15
"collison,nick"	okl	PF	59	700	50	109	0	2	23	33	68	171	52	15	50	16	107	0	123	1	0	0	4
"conley,mike"	mem	PG	56	1754	294	696	78	215	191	229	26	164	342	67	84	16	100	0	857	0	0	0	56
"connaughton,pat"	por	SG	34	147	13	49	5	21	5	5	11	32	10	2	10	0	6	0	36	0	0	0	0
"copeland,chris"	mil	SF	24	159	17	51	10	36	6	7	1	10	11	2	6	0	17	0	50	0	0	0	1
"cotton,bryce"	mem	PG	5	8	2	2	0	0	0	0	0	0	0	0	0	0	0	0	4	0	0	0	0
"cotton,bryce"	pho	PG	3	33	2	8	0	3	0	0	0	0	3	3	5	0	2	0	4	0	0	0	0
"cotton,bryce"	tot	PG	8	41	4	10	0	3	0	0	0	0	3	3	5	0	2	0	8	0	0	0	0
"cousins,demarcus"	sac	C	65	2245	601	1332	70	210	476	663	158	745	214	101	249	91	236	7	1748	11	0	0	65
"covington,robert"	phi	SF	67	1902	274	712	170	482	140	177	65	419	97	105	143	40	232	4	858	0	0	0	49
"crabbe,allen"	por	SF	81	2111	312	678	112	284	98	113	27	216	99	63	64	16	192	2	834	0	0	0	8
"crawford,jamal"	lac	SG	79	2126	379	940	117	345	245	271	20	145	183	52	113	12	122	0	1120	3	0	0	5
"crowder,jae"	bos	SF	73	2310	359	812	122	363	196	239	70	373	135	126	83	35	198	4	1036	3	0	0	73
"cunningham,dante"	nor	PF	80	1973	186	413	55	174	57	82	57	236	77	42	41	33	173	1	484	0	0	0	46
"cunningham,jared"	cle	SG	40	358	32	91	10	32	30	48	3	29	19	12	18	2	38	0	104	0	0	0	3
"cunningham,jared"	mil	SG	4	56	4	14	2	7	6	7	0	9	1	2	3	0	4	0	16	0	0	0	0
"cunningham,jared"	orl	SG	1	1	0	0	0	0	0	0	0	0	0	0	0	0	0	0	0	0	0	0	0
"cunningham,jared"	tot	SG	45	415	36	105	12	39	36	55	3	38	20	14	21	2	42	0	120	0	0	0	3
"curry,seth"	sac	SG	44	694	102	224	50	111	45	54	9	60	67	22	36	3	41	0	299	0	0	0	9
"curry,stephen"	gsw	PG	79	2705	805	1597	402	887	363	400	68	430	527	169	261	16	161	0	2375	1	0	0	79
"daniels,troy"	cha	SG	43	478	89	187	59	122	5	9	7	57	21	11	24	3	40	0	242	0	0	0	0
"davis,anthony"	nor	PF	61	2159	560	1137	35	108	326	430	130	627	116	78	121	125	148	0	1481	1	0	0	61
"davis,ed"	por	PF	81	1684	206	337	0	0	114	204	224	599	88	57	64	72	202	2	526	2	0	0	0
"dawson,branden"	lac	SF	6	28	2	5	0	0	1	1	2	4	0	0	0	1	2	0	5	0	0	0	0
"dedmon,dewayne"	orl	C	58	709	99	177	0	0	57	76	67	228	13	22	32	46	109	2	255	0	0	0	20
"dejean-jones,bry"	nor	SG	11	271	27	67	11	30	11	21	8	44	15	10	11	2	16	0	76	0	0	0	11
"dekker,sam"	hou	SF	3	7	0	0	0	0	0	0	0	1	0	1	0	0	0	0	0	0	0	0	0
"dellavedova,matt"	cle	PG	76	1869	207	511	98	239	57	66	33	162	336	44	117	9	177	0	569	0	0	0	14
"deng,luol"	mia	SF	74	2395	339	747	88	256	145	192	108	442	140	74	80	29	122	0	911	2	0	0	73
"derozan,demar"	tor	SG	78	2804	614	1377	47	139	555	653	64	349	314	82	174	21	167	0	1830	2	0	0	78
"diaw,boris"	san	C	76	1383	202	383	25	69	56	76	58	232	176	26	97	21	102	0	485	0	0	0	4
"dieng,gorgui"	min	C	82	2222	308	578	6	20	205	248	156	584	143	94	140	96	219	0	827	1	0	0	39
"dinwiddie,spence"	det	PG	12	159	19	53	1	10	19	33	4	17	22	3	7	0	20	0	58	0	0	0	0
"douglas,toney"	nor	PG	61	1264	184	446	81	203	84	99	25	143	155	70	64	5	131	1	533	1	0	0	18
"dragic,goran"	mia	SG	72	2362	417	875	64	205	120	165	54	277	419	71	185	17	188	1	1018	1	0	0	72
"drummond,andre"	det	C	81	2664	552	1061	2	6	208	586	395	1198	67	119	154	112	245	2	1314	7	0	0	81
"dudley,jared"	was	SG	81	2098	233	487	100	239	72	98	54	286	170	75	80	18	190	1	638	1	0	0	41
"dukan,duje"	sac	PF	1	24	2	10	2	5	0	0	2	4	1	1	0	0	2	0	6	0	0	0	0
"duncan,tim"	san	PF	61	1535	215	442	0	2	92	131	116	448	163	47	90	80	125	0	522	0	0	0	60
"dunleavy,mike"	chi	SG	31	702	77	188	39	99	29	37	8	83	39	14	26	10	66	0	222	0	0	0	30
"durant,kevin"	okl	SF	72	2577	698	1381	186	480	447	498	46	590	360	68	250	85	137	1	2029	6	0	0	72
"early,cleanthony"	nyk	SF	17	155	12	40	4	15	3	4	4	26	6	2	9	3	16	1	31	0	0	0	2
"eddie,jarell"	was	SG	26	147	20	65	15	47	8	8	2	23	5	5	1	1	5	0	63	0	0	0	0
"ellington,wayne"	bro	SG	76	1614	218	561	96	268	54	63	20	174	82	48	45	5	82	0	586	0	0	0	41
"ellis,monta"	ind	PG	81	2733	436	1021	87	281	162	206	42	272	382	149	203	38	174	0	1121	1	0	0	81
"ennis,james"	mem	SF	10	40	4	13	2	8	6	10	4	7	2	4	2	2	1	0	16	0	0	0	0
"ennis,james"	mia	SF	3	6	0	0	0	0	0	0	0	0	1	0	0	0	1	0	0	0	0	0	0
"ennis,james"	nor	SF	9	283	50	100	24	50	19	24	17	35	18	12	17	3	26	1	143	0	0	0	5
"ennis,james"	tot	SF	22	329	54	113	26	58	25	34	21	42	21	16	19	5	28	1	159	0	0	0	5
"ennis,tyler"	mil	PG	46	657	84	187	13	39	25	34	13	75	96	25	46	1	64	0	206	0	0	0	7
"evans,jeremy"	dal	SF	30	251	26	48	4	16	15	21	11	54	2	6	7	9	19	0	71	0	0	0	2
"evans,tyreke"	nor	SG	25	765	136	313	33	85	74	93	20	129	164	32	73	8	66	0	379	2	0	0	25
"ezeli,festus"	gsw	C	46	769	125	228	0	0	70	132	94	260	32	18	38	50	94	1	320	0	0	0	13
"faried,kenneth"	den	PF	67	1697	349	626	1	2	136	222	235	581	79	32	91	60	169	0	835	4	0	0	64
"farmar,jordan"	mem	PG	12	291	42	100	16	45	10	10	4	25	37	15	18	2	22	0	110	0	0	0	10
"favors,derrick"	uta	PF	62	1987	418	811	0	4	180	254	169	503	94	74	104	91	150	0	1016	1	0	0	59
"felicio,cristian"	chi	PF	31	318	40	72	0	4	25	35	30	102	26	6	13	13	31	0	105	0	0	0	4
"felton,raymond"	dal	PG	80	2190	277	682	60	213	149	176	36	258	284	68	121	15	141	0	763	3	0	0	31
"fournier,evan"	orl	SF	79	2568	429	929	156	389	199	238	33	225	213	96	133	2	214	4	1213	1	0	0	71
"foye,randy"	den	SG	54	1068	117	333	50	169	39	47	16	105	111	26	58	16	83	0	323	0	0	0	7
"foye,randy"	okl	SG	27	572	51	148	25	81	22	27	8	51	49	13	28	13	48	0	149	0	0	0	1
"foye,randy"	tot	SG	81	1640	168	481	75	250	61	74	24	156	160	39	86	29	131	0	472	0	0	0	8
"frazier,tim"	nor	PG	15	443	70	159	13	29	43	57	15	68	111	22	38	1	40	0	196	0	0	0	1
"frazier,tim"	por	PG	35	275	20	61	3	17	8	15	11	39	42	10	27	1	31	0	51	0	0	0	1
"frazier,tim"	tot	PG	50	718	90	220	16	46	51	72	26	107	153	32	65	2	71	0	247	0	0	0	2
"fredette,jimmer"	nor	PG	4	12	1	4	0	1	0	0	0	0	0	1	1	0	1	0	2	0	0	0	0
"fredette,jimmer"	nyk	PG	2	5	1	1	1	1	4	5	0	0	0	0	1	0	1	0	7	0	0	0	0
"fredette,jimmer"	tot	PG	6	17	2	5	1	2	4	5	0	0	0	1	2	0	2	0	9	0	0	0	0
"frye,channing"	cle	PF	26	445	70	160	43	114	11	14	12	93	26	8	13	8	56	0	194	0	0	0	3
"frye,channing"	orl	PF	44	751	81	187	48	123	19	21	23	141	45	21	30	20	71	0	229	3	0	0	29
"frye,channing"	tot	PF	70	1196	151	347	91	237	30	35	35	234	71	29	43	28	127	0	423	3	0	0	32
"gallinari,danilo"	den	SF	53	1837	287	700	87	241	375	432	51	280	134	42	77	19	87	1	1036	1	0	0	53
"galloway,langsto"	nyk	PG	82	2032	231	588	77	224	86	114	43	288	207	77	61	22	177	2	625	0	0	0	7
"garnett,kevin"	min	PF	39	559	54	115	0	1	14	21	15	150	62	28	16	10	70	0	122	6	0	0	38
"gasol,marc"	mem	C	52	1792	328	707	2	3	203	245	58	362	196	50	118	70	141	0	861	4	0	0	52
"gasol,pau"	chi	PF	72	2296	467	995	24	69	229	289	155	792	294	42	164	146	148	1	1187	0	0	0	72
"gay,rudy"	sac	SF	70	2383	466	1007	74	215	198	254	103	455	120	100	139	51	184	1	1204	1	0	0	70
"gee,alonzo"	nor	SF	73	1633	131	254	17	61	44	66	60	245	73	63	55	13	169	2	323	1	0	0	38
"george,paul"	ind	SF	81	2828	605	1448	210	565	454	528	79	563	329	152	265	29	230	1	1874	6	0	0	81
"gibson,taj"	chi	PF	73	1935	263	501	0	3	101	146	206	504	106	47	78	77	180	1	627	2	0	0	55
"ginobili,manu"	san	SG	58	1137	197	435	70	179	91	112	26	146	177	66	99	11	99	0	555	0	0	0	0
"gobert,rudy"	uta	C	61	1930	198	354	0	0	161	283	208	668	89	45	114	130	163	2	557	4	0	0	60
"gooden,drew"	was	PF	30	304	33	103	7	41	9	14	28	85	13	8	13	11	40	0	82	0	0	0	0
"goodwin,archie"	pho	SG	57	1113	176	422	23	99	130	193	27	142	117	27	100	13	84	0	505	2	0	0	13
"gordon,aaron"	orl	PF	78	1861	274	580	42	141	129	193	154	507	125	59	66	55	153	1	719	0	0	0	37
"gordon,eric"	nor	SG	45	1481	231	551	113	293	111	125	10	99	121	43	73	14	98	0	686	0	0	0	44
"gortat,marcin"	was	C	75	2255	433	764	0	1	146	207	221	740	106	47	121	95	193	1	1012	3	0	0	74
"goudelock,andre"	hou	PG	8	51	9	20	1	9	3	4	1	2	4	6	7	2	4	0	22	0	0	0	0
"grant,jerami"	phi	SF	77	2068	251	599	35	146	212	322	99	361	134	54	110	127	215	1	749	2	0	0	52
"grant,jerian"	nyk	PG	76	1241	148	382	22	99	94	121	23	140	173	48	85	10	95	0	412	0	0	0	6
"green,danny"	san	SG	79	2062	210	559	116	349	34	46	47	302	141	79	75	64	141	0	570	0	0	0	79
"green,draymond"	gsw	SF	81	2807	401	819	100	258	229	329	130	765	597	118	259	111	240	2	1131	11	0	0	81
"green,erick"	den	PG	3	7	0	1	0	1	0	0	0	1	1	0	0	0	0	0	0	0	0	0	0
"green,erick"	uta	PG	6	35	5	12	1	4	2	2	3	5	2	1	0	0	4	0	13	0	0	0	0
"green,erick"	tot	PG	9	42	5	13	1	5	2	2	3	6	3	1	0	0	4	0	13	0	0	0	0
"green,gerald"	mia	SG	69	1557	230	587	84	260	72	93	25	163	56	37	46	19	123	1	616	2	0	0	14
"green,jamychal"	mem	PF	78	1443	230	495	15	45	103	137	139	373	67	46	83	33	189	1	578	4	0	0	16
"green,jeff"	lac	SF	27	712	114	267	25	77	40	65	19	91	40	18	24	21	62	0	293	0	0	0	10
"green,jeff"	mem	SF	53	1546	240	557	42	136	124	155	55	241	98	40	69	19	102	0	646	0	0	0	31
"green,jeff"	tot	SF	80	2258	354	824	67	213	164	220	74	332	138	58	93	40	164	0	939	0	0	0	41
"griffin,blake"	lac	PF	35	1171	301	604	6	18	141	194	52	294	170	28	83	17	95	0	749	7	0	0	35
"gutierrez,jorge"	cha	PG	12	64	6	11	0	2	10	11	0	7	17	3	6	0	3	0	22	0	0	0	0
"hairston,p.j."	cha	SG	48	937	99	276	54	172	34	42	18	128	30	24	24	7	106	0	286	1	0	0	43
"hairston,p.j."	mem	PF	18	376	46	132	16	69	16	22	7	46	9	8	17	4	31	0	124	0	0	0	9
"hairston,p.j."	tot	PF	66	1313	145	408	70	241	50	64	25	174	39	32	41	11	137	0	410	1	0	0	52
"hamilton,jordan"	nor	SG	11	305	49	116	13	45	14	21	12	62	25	8	17	3	24	0	125	0	0	0	4
"hansbrough,tyler"	cha	PF	44	346	32	71	2	3	38	65	40	89	8	12	12	7	55	1	104	0	0	0	0
"hardaway,timjr"	atl	SG	51	863	114	264	48	141	50	56	7	85	51	21	23	7	48	0	326	0	0	0	1
"harden,james"	hou	SG	82	3121	710	1617	236	656	720	837	63	502	612	138	374	51	229	1	2376	2	0	0	82
"harkless,maurice"	por	SF	78	1454	195	411	39	140	69	111	101	280	67	49	62	35	124	0	498	1	0	0	14
"harper,justin"	det	PF	5	35	4	10	4	9	1	2	0	1	0	1	2	0	3	0	13	0	0	0	0
"harrell,montrez"	hou	PF	39	378	58	90	0	1	24	46	26	66	17	11	17	11	48	0	140	3	0	0	1
"harris,devin"	dal	PG	64	1277	167	374	52	158	101	140	18	138	118	60	66	13	124	1	487	0	0	0	0
"harris,gary"	den	SG	76	2441	359	765	105	297	109	133	54	220	147	97	98	18	143	0	932	0	0	0	76
"harris,joe"	cle	SG	5	15	1	4	1	4	0	0	0	3	2	0	1	0	1	0	3	0	0	0	0
"harris,tobias"	det	PF	27	903	166	348	33	87	82	90	25	168	70	18	30	12	62	0	447	0	0	0	25
"harris,tobias"	orl	SF	49	1612	251	541	47	151	120	153	72	343	100	47	78	28	91	0	669	1	0	0	49
"harris,tobias"	tot	SF	76	2515	417	889	80	238	202	243	97	511	170	65	108	40	153	0	1116	1	0	0	74
"harrison,aaron"	cha	SG	21	96	5	19	3	10	5	12	4	15	2	6	4	0	10	0	18	0	0	0	0
"haslem,udonis"	mia	PF	37	259	23	61	1	9	12	16	10	75	14	5	5	2	25	0	59	0	0	0	0
"hawes,spencer"	cha	PF	57	1032	124	306	38	102	54	65	51	244	109	22	59	27	111	2	340	3	0	0	6
"hayes,chuck"	hou	PF	2	24	1	2	0	0	2	2	0	8	2	0	3	0	6	0	4	0	0	0	0
"hayward,gordon"	uta	SG	80	2889	521	1202	143	410	393	477	61	397	296	95	202	27	183	0	1578	0	0	0	80
"henderson,gerald"	por	SG	72	1434	232	529	48	137	112	146	31	212	75	39	68	19	87	0	624	2	0	0	0
"henson,john"	mil	PF	57	959	164	291	0	1	69	117	87	221	54	18	64	109	131	1	397	1	0	0	1
"hezonja,mario"	orl	SF	79	1412	181	418	67	192	49	54	28	176	109	39	97	17	124	1	478	0	0	0	9
"hibbert,roy"	lal	C	81	1881	182	411	0	2	117	145	131	398	95	32	76	110	252	3	481	2	0	0	81
"hickson,j.j."	den	PF	20	307	55	109	0	0	27	59	22	87	16	10	16	12	35	0	137	1	0	0	9
"hickson,j.j."	was	PF	15	131	25	46	0	1	19	44	17	45	7	5	9	2	12	0	69	0	0	0	0
"hickson,j.j."	tot	PF	35	438	80	155	0	1	46	103	39	132	23	15	25	14	47	0	206	1	0	0	9
"hilario,nene"	was	PF	57	1097	209	384	0	3	107	185	52	259	97	54	76	26	156	1	525	2	0	0	11
"hill,george"	ind	PG	74	2526	326	740	128	314	114	150	58	298	260	83	101	17	149	0	894	2	0	0	73
"hill,jordan"	ind	C	73	1509	278	548	0	1	89	125	156	451	87	36	92	37	155	0	645	0	0	0	11
"hill,solomon"	ind	SF	59	869	93	208	24	73	36	42	39	166	57	37	33	11	68	0	246	1	0	0	3
"hilliard,darrun"	det	SG	38	386	52	132	19	50	29	40	5	45	26	9	19	1	28	0	152	0	0	0	2
"hinrich,kirk"	atl	PG	11	75	2	11	1	6	0	0	1	12	14	2	3	1	1	0	5	0	0	0	0
"hinrich,kirk"	chi	SG	35	555	47	118	23	56	15	16	7	58	59	13	27	1	63	1	132	1	0	0	7
"hinrich,kirk"	tot	SG	46	630	49	129	24	62	15	16	8	70	73	15	30	2	64	1	137	1	0	0	7
"holiday,jrue"	nor	PG	65	1829	410	935	87	259	182	216	27	195	391	88	167	22	148	1	1089	1	0	0	23
"holiday,justin"	atl	SG	26	263	24	73	10	45	5	10	4	27	11	13	13	4	21	0	63	0	0	0	1
"holiday,justin"	chi	SG	27	507	64	155	26	60	22	27	8	63	45	19	26	15	40	0	176	0	0	0	4
"holiday,justin"	tot	SG	53	770	88	228	36	105	27	37	12	90	56	32	39	19	61	0	239	0	0	0	5
"hollins,ryan"	mem	C	32	414	45	72	0	0	26	42	40	87	10	6	21	20	58	0	116	1	0	0	9
"hollins,ryan"	was	C	5	48	4	7	0	0	0	0	7	11	0	0	3	1	4	0	8	0	0	0	3
"hollins,ryan"	tot	C	37	462	49	79	0	0	26	42	47	98	10	6	24	21	62	0	124	1	0	0	12
hollis-jefferson	bro	SF	29	614	63	138	4	14	37	52	39	154	43	39	26	16	61	0	167	0	0	0	17
"holmes,richaun"	phi	PF	51	702	114	222	8	44	51	74	62	135	33	19	32	40	92	0	287	0	0	0	1
"hood,rodney"	uta	SG	79	2545	408	972	161	449	172	200	38	267	213	73	125	16	202	3	1149	1	0	0	79
"horford,al"	atl	PF	82	2638	529	1049	88	257	103	129	148	597	263	67	107	122	163	0	1249	1	0	0	82
"howard,dwight"	hou	C	71	2281	372	601	0	6	232	474	238	835	98	69	166	113	219	5	976	12	0	0	71
"huertas,marcelo"	lal	PG	53	866	97	230	16	61	27	29	18	90	182	26	80	7	76	0	237	0	0	0	0
"huestis,josh"	okl	SF	5	55	5	12	4	6	0	4	2	10	0	1	3	2	3	0	14	0	0	0	0
"humphries,kris"	atl	PF	21	294	47	101	8	31	32	45	20	71	13	10	14	8	44	1	134	0	0	0	0
"humphries,kris"	pho	PF	4	74	10	36	3	10	6	8	11	32	7	3	4	2	8	0	29	0	0	0	3
"humphries,kris"	was	PF	28	468	64	158	23	67	29	31	26	115	16	3	20	14	42	0	180	0	0	0	14
"humphries,kris"	tot	PF	53	836	121	295	34	108	67	84	57	218	36	16	38	24	94	1	343	0	0	0	17
"hunter,r.j."	bos	SG	36	319	36	98	19	63	6	7	2	37	13	14	11	4	29	0	97	0	0	0	0
"ibaka,serge"	okl	PF	78	2504	416	869	60	184	91	121	139	531	66	38	108	148	211	1	983	6	0	0	78
"iguodala,andre"	gsw	SG	65	1736	176	368	54	154	51	83	52	263	219	73	79	19	102	0	457	1	0	0	1
"ilyasova,ersan"	det	PF	52	1435	216	508	78	215	79	109	99	282	55	38	59	27	120	0	589	0	0	0	52
"ilyasova,ersan"	orl	PF	22	447	64	153	18	43	32	45	45	121	12	14	12	6	51	2	178	0	0	0	4
"ilyasova,ersan"	tot	PF	74	1882	280	661	96	258	111	154	144	403	67	52	71	33	171	2	767	0	0	0	56
"ingles,joe"	uta	SF	81	1241	124	291	81	210	13	18	19	151	96	55	65	4	98	0	342	1	0	0	2
"inglis,damien"	mil	SF	20	159	13	37	3	13	7	8	2	31	10	6	11	3	11	0	36	0	0	0	1
"irving,kyrie"	cle	PG	53	1665	394	879	84	260	169	191	43	156	249	56	124	18	107	0	1041	0	0	0	53
"jack,jarrett"	bro	PG	32	1027	140	358	31	102	100	112	8	135	236	34	94	7	77	0	411	4	0	0	32
"jackson,reggie"	det	PG	79	2424	540	1244	118	335	291	337	58	253	492	59	223	11	187	0	1489	4	0	0	79
"james,lebron"	cle	SF	76	2710	737	1416	87	282	359	491	111	565	512	104	249	49	143	0	1920	3	0	0	76
"jefferson,al"	cha	C	47	1096	245	505	0	0	72	111	57	301	70	30	34	41	117	1	562	0	0	0	18
"jefferson,cory"	pho	PF	8	52	9	22	0	1	4	6	6	16	0	0	0	1	8	0	22	0	0	0	0
"jefferson,richar"	cle	SF	74	1326	143	312	66	173	58	87	15	128	59	33	43	14	129	0	410	1	0	0	5
"jenkins,john"	dal	SG	21	192	29	70	3	19	8	9	4	22	9	3	11	0	11	0	69	0	0	0	1
"jenkins,john"	pho	SG	22	282	41	88	13	32	12	15	4	34	26	5	15	1	11	0	107	0	0	0	2
"jenkins,john"	tot	SG	43	474	70	158	16	51	20	24	8	56	35	8	26	1	22	0	176	0	0	0	3
"jennings,brandon"	det	PG	23	416	53	142	24	77	27	38	5	46	71	11	22	2	24	0	157	0	0	0	1
"jennings,brandon"	orl	PG	25	453	59	161	27	78	30	40	11	50	100	18	35	5	33	0	175	0	0	0	6
"jennings,brandon"	tot	PG	48	869	112	303	51	155	57	78	16	96	171	29	57	7	57	0	332	0	0	0	7
"jerebko,jonas"	bos	PF	78	1178	118	286	43	108	61	78	77	288	62	20	52	24	137	2	340	1	0	0	0
"johnson,amir"	bos	PF	79	1798	250	427	10	43	69	121	178	505	137	52	94	83	214	1	579	0	0	0	76
"johnson,chris"	uta	SF	70	858	72	194	27	99	34	42	27	132	45	32	40	20	100	1	205	0	0	0	2
"johnson,james"	tor	PF	57	924	114	240	20	66	39	68	28	126	67	29	54	33	84	0	287	0	0	0	32
"johnson,joe"	bro	SF	57	1934	247	608	85	229	92	108	34	224	232	40	116	2	100	0	671	1	0	0	57
"johnson,joe"	mia	SF	24	769	130	251	35	84	26	34	15	68	86	21	44	2	46	0	321	0	0	0	24
"johnson,joe"	tot	SF	81	2703	377	859	120	313	118	142	49	292	318	61	160	4	146	0	992	1	0	0	81
"johnson,orlando"	nor	SG	5	55	4	17	1	5	1	2	1	6	2	1	3	0	4	0	10	0	0	0	1
"johnson,orlando"	pho	SG	2	47	5	18	1	6	5	6	3	9	0	2	1	3	5	0	16	0	0	0	0
"johnson,orlando"	tot	SG	7	102	9	35	2	11	6	8	4	15	2	3	4	3	9	0	26	0	0	0	1
"johnson,stanley"	det	SF	73	1685	225	600	63	205	80	102	58	306	118	55	114	12	178	2	593	2	0	0	6
"johnson,tyler"	mia	SG	36	862	118	242	27	70	51	64	28	110	79	24	47	14	66	0	314	1	0	0	5
"johnson,wesley"	lac	SG	80	1664	208	515	103	309	30	46	37	248	49	89	54	56	173	1	549	0	0	0	9
"jokic,nikola"	den	C	80	1733	306	599	28	84	154	190	181	560	189	79	104	50	208	3	794	1	0	0	55
"jones,dahntay"	cle	SG	1	42	6	14	1	2	0	0	1	5	2	1	0	2	6	1	13	0	0	0	0
"jones,james"	cle	SG	48	466	59	143	41	104	21	26	8	50	14	11	13	10	50	0	180	1	0	0	0
"jones,terrence"	hou	PF	50	1047	166	367	25	79	77	116	62	211	41	23	49	38	86	0	434	3	0	0	12
"jones,tyus"	min	PG	37	576	56	156	16	53	28	39	7	47	108	31	33	3	33	0	156	0	0	0	0
"jordan,deandre"	lac	C	77	2600	357	507	0	1	266	619	267	1059	90	52	107	176	207	1	980	10	0	0	77
"joseph,cory"	tor	PG	80	2053	257	585	30	110	133	174	38	210	250	63	102	20	131	0	677	1	0	0	4
"kaman,chris"	por	C	16	113	20	43	1	4	3	3	7	24	11	1	8	1	15	0	44	0	0	0	2
"kaminsky,frank"	cha	PF	81	1713	215	525	68	202	108	148	69	336	97	37	58	43	126	0	606	0	0	0	3
"kanter,enes"	okl	C	82	1721	415	720	10	21	200	251	250	665	33	26	115	33	166	1	1040	2	0	0	1
"karasev,sergey"	bro	SG	40	405	30	74	11	37	26	28	8	58	35	6	22	2	27	0	97	0	0	0	5
"kaun,sasha"	cle	C	24	96	9	17	0	0	5	11	12	26	3	4	7	5	11	0	23	0	0	0	0
"kelly,ryan"	lal	PF	36	469	55	149	5	37	37	54	21	121	20	13	18	10	39	0	152	0	0	0	0
"kidd-gilchrist,m"	cha	SF	7	205	33	61	3	7	20	29	12	45	9	3	8	3	9	0	89	0	0	0	7
"kilpatrick,sean"	bro	SG	22	531	115	249	35	97	53	59	10	50	26	10	27	2	30	0	318	0	0	0	0
"kilpatrick,sean"	den	SG	8	83	8	21	4	17	7	8	2	6	3	2	4	0	7	0	27	0	0	0	0
"kilpatrick,sean"	tot	SG	30	614	123	270	39	114	60	67	12	56	29	12	31	2	37	0	345	0	0	0	0
"knight,brandon"	pho	PG	53	1873	371	895	120	350	156	183	36	202	263	61	176	20	124	0	1018	0	0	0	50
"korver,kyle"	atl	SG	80	2407	268	615	158	398	45	54	14	259	165	61	98	34	161	0	739	0	0	0	80
"koufos,kosta"	sac	C	78	1489	235	443	0	0	57	104	169	423	33	40	48	70	185	1	527	2	0	0	14
"lamb,jeremy"	cha	SG	66	1226	230	510	56	181	64	88	44	251	78	42	50	30	105	1	580	0	0	0	0
"landry,carl"	phi	PF	36	570	139	250	6	13	67	91	49	146	32	12	22	9	69	0	351	0	0	0	12
"larkin,shane"	bro	PG	78	1752	222	504	39	109	83	107	28	180	343	95	146	12	121	0	566	0	0	0	17
"lauvergne,joffre"	den	PF	59	1044	195	380	13	53	62	69	77	290	56	13	54	15	115	1	465	0	0	0	15
"lavine,zach"	min	PG	82	2295	433	960	123	316	161	203	28	229	252	69	155	17	193	1	1150	0	0	0	33
"lawson,ty"	hou	PG	53	1180	111	287	31	94	56	80	20	89	180	43	82	6	71	0	309	0	0	0	12
"lawson,ty"	ind	PG	13	235	28	67	5	14	3	6	6	31	57	10	13	1	16	0	64	0	0	0	1
"lawson,ty"	tot	PG	66	1415	139	354	36	108	59	86	26	120	237	53	95	7	87	0	373	0	0	0	13
"lee,courtney"	cha	SG	28	846	98	220	31	79	23	26	10	87	60	33	23	12	55	0	250	0	0	0	28
"lee,courtney"	mem	SG	51	1493	192	419	51	138	76	92	19	118	76	53	49	16	79	0	511	1	0	0	37
"lee,courtney"	tot	SG	79	2339	290	639	82	217	99	118	29	205	136	86	72	28	134	0	761	1	0	0	65
"lee,david"	bos	PF	30	472	87	192	0	1	40	51	41	130	54	12	38	13	51	0	214	0	0	0	4
"lee,david"	dal	PF	25	433	91	143	0	0	31	42	60	175	30	10	28	15	63	0	213	0	0	0	1
"lee,david"	tot	PF	55	905	178	335	0	1	71	93	101	305	84	22	66	28	114	0	427	0	0	0	5
"len,alex"	pho	C	78	1820	264	623	1	7	174	239	178	594	97	38	145	62	230	3	703	1	0	0	46
"leonard,kawhi"	san	SF	72	2381	552	1091	129	291	292	334	97	494	186	128	105	71	133	0	1525	0	0	0	72
"leonard,meyers"	por	C	61	1331	194	434	86	228	35	46	51	314	92	8	77	18	183	3	509	2	0	0	10
"leuer,jon"	pho	PF	67	1258	224	466	42	110	77	101	76	373	72	38	75	30	125	1	567	0	0	0	27
"lillard,damian"	por	PG	75	2673	618	1474	229	610	414	464	45	302	512	65	242	28	165	0	1879	1	0	0	75
"lin,jeremy"	cha	PG	78	2047	300	728	76	226	238	292	42	253	234	59	151	42	165	0	914	1	0	0	13
"livingston,shaun"	gsw	PG	78	1512	203	379	2	12	80	93	42	170	238	57	78	27	140	0	488	2	0	0	3
"looney,kevon"	gsw	SF	5	21	4	7	1	2	0	0	4	10	0	0	1	0	2	0	9	0	0	0	0
"lopez,brook"	bro	C	73	2459	591	1157	2	14	317	403	205	574	147	58	175	124	215	2	1501	0	0	0	73
"lopez,robin"	nyk	C	82	2213	357	662	0	1	128	161	268	602	114	16	133	129	182	2	842	3	0	0	82
"love,kevin"	cle	PF	77	2424	409	978	158	439	258	314	150	762	187	58	142	41	159	0	1234	0	0	0	77
"lowry,kyle"	tor	PG	77	2853	512	1198	212	546	398	491	55	365	494	158	225	34	211	1	1634	9	0	0	77
"lyles,trey"	uta	PF	80	1383	191	436	49	127	57	82	59	299	62	26	65	18	114	0	488	0	0	0	33
"mack,shelvin"	atl	PG	24	188	40	95	4	27	9	12	2	22	38	8	14	0	7	0	93	0	0	0	0
"mack,shelvin"	uta	PG	28	878	142	320	35	97	36	49	11	106	149	26	81	3	65	0	355	0	0	0	27
"mack,shelvin"	tot	PG	52	1066	182	415	39	124	45	61	13	128	187	34	95	3	72	0	448	0	0	0	27
"mahinmi,ian"	ind	C	71	1818	264	448	0	0	132	225	138	507	104	65	100	75	220	4	660	0	0	0	71
"marble,devyn"	orl	SF	28	249	21	71	8	32	10	24	6	38	12	13	7	1	25	0	60	0	0	0	0
"marjanovic,boban"	san	C	54	509	105	174	0	0	87	114	73	194	21	12	29	23	54	0	297	1	0	0	4
"marshall,kendall"	phi	PG	30	399	43	118	16	49	9	13	2	28	73	16	43	2	30	0	111	0	0	0	6
"martin,jarell"	mem	PF	27	382	54	116	0	2	45	62	39	86	15	8	19	7	58	0	153	0	0	0	0
"martin,kevin"	min	SG	39	833	126	334	38	103	125	142	10	81	46	17	41	1	68	0	415	0	0	0	12
"martin,kevin"	san	SG	16	260	30	85	11	32	28	30	4	29	12	9	13	2	15	0	99	0	0	0	1
"martin,kevin"	tot	SG	55	1093	156	419	49	135	153	172	14	110	58	26	54	3	83	0	514	0	0	0	13
"matthews,wesley"	dal	SG	78	2642	331	854	189	525	126	146	27	238	151	78	78	17	179	1	977	2	0	0	78
"mayo,o.j."	mil	SG	41	1088	119	321	52	162	31	40	14	106	119	47	72	8	126	1	321	5	0	0	24
"mbah_a_moute,luc"	lac	SF	75	1278	94	207	13	40	30	57	60	171	30	44	34	19	100	0	231	0	0	0	61
"mcadoo,james"	gsw	SG	41	265	45	84	1	2	26	49	30	58	17	10	16	8	39	0	117	0	0	0	1
"mccallum,ray"	mem	PG	10	218	28	79	10	26	3	5	2	16	27	7	13	3	15	0	69	0	0	0	3
"mccallum,ray"	san	PG	31	256	27	67	5	16	9	10	6	31	33	5	11	4	14	0	68	0	0	0	3
"mccallum,ray"	tot	PG	41	474	55	146	15	42	12	15	8	47	60	12	24	7	29	0	137	0	0	0	6
"mccollum,c.j."	por	SG	80	2776	641	1432	197	473	187	226	47	259	341	97	196	24	187	0	1666	0	0	0	80
"mcconnell,t.j."	phi	PG	81	1609	218	464	31	89	26	41	43	250	367	95	140	10	114	0	493	0	0	0	17
"mccullough,chris"	bro	PF	24	363	44	109	13	35	11	23	25	68	9	28	15	12	39	0	112	0	0	0	4
"mcdaniels,k.j."	hou	SG	37	238	29	72	7	25	24	30	15	42	10	7	17	6	30	0	89	0	0	0	1
"mcdermott,doug"	chi	SF	81	1860	291	644	110	259	72	84	37	195	59	14	52	6	127	0	764	0	0	0	4
"mcgary,mitch"	okl	PF	20	73	11	23	0	4	4	10	4	18	3	1	7	2	10	0	26	0	0	0	0
"mcgee,javale"	dal	C	34	368	77	134	0	1	18	36	53	133	3	5	21	26	49	0	172	0	0	0	2
"mclemore,ben"	sac	SG	68	1444	195	455	67	185	74	103	34	149	79	52	99	10	140	0	531	0	0	0	53
"mcrae,jordan"	cle	SG	15	114	23	52	7	11	9	13	2	12	15	0	9	1	10	0	62	0	0	0	1
"mcrae,jordan"	pho	SG	7	83	11	26	3	11	12	15	2	8	10	3	6	0	7	0	37	1	0	0	0
"mcrae,jordan"	tot	SG	22	197	34	78	10	22	21	28	4	20	25	3	15	1	17	0	99	1	0	0	1
"mcroberts,josh"	mia	PF	42	596	55	148	12	49	28	40	22	105	81	18	30	7	68	0	150	0	0	0	1
"meeks,jodie"	det	SG	3	44	7	20	4	9	4	4	1	5	3	0	1	0	2	0	22	0	0	0	0
"mejri,salah"	dal	C	34	398	49	78	0	1	27	46	41	123	10	8	23	34	54	0	125	0	0	0	6
"mickey,jordan"	bos	PF	16	59	8	22	0	0	5	10	6	13	1	0	1	11	5	0	21	0	0	0	0
"middleton,khris"	mil	SF	79	2855	507	1144	143	362	277	312	45	301	331	131	180	19	204	1	1434	5	0	0	79
"miles,c.j."	ind	SG	64	1467	259	633	142	387	93	124	25	175	63	53	70	29	142	0	753	0	0	0	24
"miller,andre"	min	PG	26	281	36	58	1	4	15	19	6	24	58	9	25	0	32	0	88	1	0	0	0
"miller,andre"	san	PG	13	181	23	48	1	4	9	13	6	27	29	7	12	0	14	0	56	0	0	0	4
"miller,andre"	tot	PG	39	462	59	106	2	8	24	32	12	51	87	16	37	0	46	0	144	1	0	0	4
"miller,mike"	den	SF	47	378	22	62	19	52	0	0	6	53	40	13	17	4	53	0	63	1	0	0	2
"mills,patty"	san	PG	81	1659	260	612	123	320	47	58	27	158	226	59	76	6	102	0	690	0	0	0	3
"millsap,elijah"	uta	SG	20	173	11	39	1	12	13	18	6	35	19	7	9	3	33	0	36	0	0	0	0
"millsap,paul"	atl	PF	81	2640	501	1067	74	232	309	408	197	733	264	148	191	140	237	2	1385	4	0	0	81
"mirotic,nikola"	chi	PF	66	1650	248	609	135	346	146	181	58	362	101	58	102	46	151	1	777	1	0	0	38
"mohammed,nazr"	okl	C	5	20	3	5	0	0	2	2	1	4	0	0	3	0	4	0	8	0	0	0	0
"monroe,greg"	mil	C	79	2316	491	940	0	1	228	308	218	696	179	72	130	67	163	0	1210	4	0	0	67
"montero,luis"	por	SG	12	43	5	19	1	9	3	4	0	4	1	0	4	0	1	0	14	0	0	0	0
"moore,e'twaun"	chi	SG	59	1265	187	389	47	104	22	35	19	133	99	37	53	18	103	0	443	0	0	0	22
"moreland,eric"	sac	PF	9	47	3	6	0	0	2	4	3	11	1	0	3	4	4	0	8	0	0	0	0
"morris,marcus"	det	SF	80	2852	410	945	108	297	203	271	91	404	201	67	140	23	170	1	1131	11	0	0	80
"morris,markieff"	pho	PF	37	917	171	431	22	76	66	92	43	194	87	33	90	17	104	0	430	5	0	0	24
"morris,markieff"	was	PF	27	713	134	287	25	79	42	55	30	158	37	25	45	17	80	1	335	0	0	0	21
"morris,markieff"	tot	PF	64	1630	305	718	47	155	108	147	73	352	124	58	135	34	184	1	765	5	0	0	45
"morrow,anthony"	okl	SG	68	930	136	333	79	205	29	39	10	62	24	22	17	5	64	0	380	1	0	0	6
"motiejunas,dona"	hou	PF	37	547	90	205	16	57	34	53	37	108	41	17	44	5	69	0	230	0	0	0	22
"mozgov,timofey"	cle	C	76	1329	203	359	1	7	68	95	110	338	33	22	71	57	159	1	475	0	0	0	48
"mudiay,emmanuel"	den	PG	68	2067	329	903	74	232	140	209	32	232	372	65	217	35	141	1	872	0	0	0	66
"muhammad,shabazz"	min	SF	82	1678	317	681	44	152	185	242	100	267	52	24	70	7	94	0	863	0	0	0	0
"munford,xavier"	mem	PG	14	246	32	77	9	23	7	14	3	31	22	13	15	3	25	0	80	0	0	0	0
"muscala,mike"	atl	PF	60	569	76	152	12	39	31	39	38	117	34	13	27	27	72	1	195	0	0	0	0
"nance,larryjr"	lal	PF	63	1268	158	300	1	10	32	47	101	312	44	54	41	23	124	0	349	0	0	0	22
"napier,shabazz"	orl	PG	55	599	68	201	34	104	33	45	9	55	97	23	46	1	38	0	203	0	0	0	0
"neal,gary"	was	PG	40	807	151	324	41	99	47	55	11	83	47	20	30	1	55	0	390	0	0	0	2
"nelson,jameer"	den	PG	39	1038	113	307	43	144	30	35	19	115	191	25	66	5	100	1	299	1	0	0	15
"neto,raul"	uta	PG	81	1501	180	418	64	162	52	70	17	120	173	62	109	2	122	1	476	0	0	0	53
"nicholson,andrew"	orl	PF	56	821	146	309	41	113	51	65	34	201	25	10	41	22	69	0	384	0	0	0	0
"noah,joakim"	chi	C	29	636	51	133	0	1	22	45	87	255	109	18	52	29	77	0	124	1	0	0	2
"noel,nerlens"	phi	C	67	1963	306	587	1	2	134	227	154	541	122	118	158	100	192	1	747	1	0	0	62
"nogueira,lucas"	tor	C	29	227	28	44	1	3	8	15	18	47	7	12	11	12	29	0	65	0	0	0	1
"novak,steve"	mil	SF	3	19	2	6	2	6	1	1	0	1	0	0	0	0	2	0	7	0	0	0	0
"novak,steve"	okl	SF	7	24	6	12	5	9	0	0	0	4	0	0	1	0	1	0	17	0	0	0	0
"novak,steve"	tot	SF	10	43	8	18	7	15	1	1	0	5	0	0	1	0	3	0	24	0	0	0	0
"nowitzki,dirk"	dal	PF	75	2362	498	1112	126	342	250	280	52	489	132	52	84	52	161	0	1372	3	0	0	75
"nurkic,jusuf"	den	C	32	547	101	242	0	3	61	99	64	174	40	24	55	44	91	0	263	2	0	0	3
"o'brien,j.j."	uta	SF	1	2	0	1	0	0	0	0	0	0	0	0	0	0	0	0	0	0	0	0	0
"o'bryant,johnny"	mil	PF	66	861	86	209	1	1	27	40	64	175	31	18	31	8	100	1	200	0	0	0	4
"o'quinn,kyle"	nyk	PF	65	761	129	271	5	22	46	60	76	250	72	20	61	49	107	0	309	1	0	0	1
"okafor,jahlil"	phi	C	53	1594	397	781	1	6	133	194	122	373	65	22	124	61	140	1	928	0	0	0	48
"oladipo,victor"	orl	SG	72	2382	425	969	98	280	205	247	48	348	282	116	153	54	174	0	1153	1	0	0	52
"olynyk,kelly"	bos	C	69	1396	253	556	85	210	96	128	72	281	105	52	74	33	163	3	687	1	0	0	8
"oubre,kelly"	was	PF	63	673	90	211	25	79	31	49	25	133	13	22	34	7	100	0	236	0	0	0	9
"pachulia,zaza"	dal	C	76	2005	219	470	0	3	212	276	249	718	128	64	119	22	181	1	650	7	0	0	69
"papanikolaou,kos"	den	SF	26	294	24	66	10	32	9	14	8	40	16	13	21	5	24	0	67	0	0	0	6
"parker,jabari"	mil	SF	76	2407	443	899	9	35	175	228	124	396	129	69	116	29	154	0	1070	0	0	0	72
"parker,tony"	san	PG	72	1979	350	710	27	64	130	171	17	177	379	54	131	11	114	0	857	1	0	0	72
"parsons,chandler"	dal	SF	61	1801	320	651	104	250	93	136	29	285	170	46	95	21	114	0	837	1	0	0	51
"patterson,lamar"	atl	SG	35	400	28	80	12	49	16	22	4	50	39	9	23	2	45	0	84	0	0	0	0
"patterson,patric"	tor	PF	79	2017	204	493	106	293	29	34	77	340	94	53	65	32	128	0	543	1	0	0	0
"paul,chris"	lac	PG	74	2425	515	1114	122	329	294	328	39	310	738	151	193	13	185	0	1446	7	0	0	74
"payne,adreian"	min	PF	52	486	53	145	9	32	17	26	21	112	29	16	36	11	77	1	132	1	0	0	2
"payne,cameron"	okl	PG	57	703	114	278	36	111	19	24	9	85	108	36	44	6	80	0	283	0	0	0	1
"payton,elfrid"	orl	PG	73	2144	318	730	30	92	112	190	77	261	469	89	177	20	159	0	778	2	0	0	69
"pekovic,nikola"	min	C	12	156	19	50	0	0	16	20	7	21	11	1	9	0	22	0	54	0	0	0	3
"perkins,kendrick"	nor	C	38	543	40	75	0	0	11	25	25	128	31	11	41	11	64	0	91	1	0	0	5
"pierce,paul"	lac	SF	68	1235	144	397	75	242	54	66	12	186	71	33	58	17	129	0	417	1	0	0	38
"pleiss,tibor"	uta	C	12	83	11	25	0	2	2	2	6	15	2	1	8	2	19	0	24	0	0	0	0
"plumlee,mason"	por	PF	82	2087	267	517	0	4	215	335	201	628	226	68	154	82	253	4	749	1	0	0	82
"plumlee,miles"	mil	C	61	869	140	233	0	0	34	59	95	232	16	21	40	50	73	0	314	1	0	0	14
"porter,otto"	was	SF	75	2272	339	718	98	267	95	126	97	391	119	105	70	32	163	0	871	0	0	0	73
"portis,bobby"	chi	PF	62	1103	186	435	16	52	48	66	123	337	52	25	55	22	100	0	436	1	0	0	4
"porzingis,krista"	nyk	PF	72	2050	373	886	81	243	201	240	132	525	93	52	121	134	205	2	1028	1	0	0	72
"powell,dwight"	dal	PF	68	996	146	296	2	16	105	142	84	273	44	36	40	24	117	1	399	0	0	0	2
"powell,norman"	tor	SG	49	729	97	229	36	88	43	53	16	111	47	29	32	10	59	0	273	0	0	0	24
"pressey,phil"	phi	SG	13	170	21	55	4	13	9	18	0	22	45	11	19	1	14	0	55	0	0	0	0
"pressey,phil"	pho	SG	9	110	9	22	0	4	4	7	2	7	27	6	14	3	14	0	22	0	0	0	0
"pressey,phil"	tot	SG	22	280	30	77	4	17	13	25	2	29	72	17	33	4	28	0	77	0	0	0	0
"price,ronnie"	pho	PG	62	1210	116	302	68	195	31	41	25	99	147	74	70	13	161	2	331	0	0	0	18
"prigioni,pablo"	lac	PG	59	816	55	147	28	95	7	8	38	114	130	53	49	1	82	0	145	0	0	0	3
"prince,tayshaun"	min	SF	77	1462	102	229	4	23	13	19	32	147	73	36	27	13	62	0	221	0	0	0	44
"randle,julius"	lal	PF	81	2287	358	835	10	36	193	270	172	830	144	53	149	29	242	2	919	0	0	0	60
"randolph,zach"	mem	PF	68	2019	431	907	6	26	172	216	179	529	142	43	105	13	146	0	1040	0	0	0	53
"redick,j.j."	lac	SG	75	2098	422	880	200	420	182	205	10	139	106	42	79	5	135	0	1226	1	0	0	75
"reed,willie"	bro	PF	39	426	76	133	0	0	30	55	49	122	10	6	16	30	47	0	182	0	0	0	2
"richardson,josh"	mia	SG	52	1105	123	272	53	115	42	63	21	107	73	36	35	25	107	0	341	0	0	0	2
"rivers,austin"	lac	SG	67	1466	226	516	62	185	79	116	22	130	99	48	61	10	137	1	593	2	0	0	7
"roberson,andre"	okl	SG	70	1552	136	274	32	103	33	54	78	250	47	54	35	42	133	0	337	1	0	0	70
"roberts,brian"	cha	PG	30	336	51	115	9	27	34	37	4	29	38	7	16	1	23	0	145	0	0	0	0
"roberts,brian"	por	PG	21	138	23	50	6	15	8	10	2	12	16	3	7	1	12	0	60	0	0	0	0
"roberts,brian"	tot	PG	51	474	74	165	15	42	42	47	6	41	54	10	23	2	35	0	205	0	0	0	0
"robinson,glenn"	ind	SF	45	511	65	151	14	37	27	39	12	68	26	17	18	9	21	0	171	0	0	0	4
"robinson,nate"	nor	PG	2	23	0	1	0	1	0	0	0	0	4	1	0	0	5	0	0	0	0	0	1
"robinson,thomas"	bro	PF	71	917	130	291	0	1	47	109	136	359	46	39	69	36	111	1	307	1	0	0	7
"rondo,rajon"	sac	PG	72	2537	355	782	62	170	87	150	77	436	838	142	279	10	175	1	859	3	0	0	72
"rose,derrick"	chi	PG	66	2095	447	1047	44	150	142	179	46	225	311	44	175	14	84	1	1080	4	0	0	66
"ross,terrence"	tor	SF	73	1751	270	626	131	338	49	62	21	185	57	54	46	25	120	1	720	0	0	0	7
"rozier,terry"	bos	PG	39	310	29	106	6	27	8	10	24	63	37	6	19	1	23	0	72	0	0	0	0
"rubio,ricky"	min	PG	76	2322	219	586	62	190	266	314	40	326	657	162	194	10	201	1	766	0	0	0	76
"rudez,damjan"	min	SF	33	278	25	62	17	50	8	8	5	20	11	3	13	1	33	0	75	0	0	0	0
"rush,brandon"	gsw	SG	72	1050	111	260	65	157	18	28	21	180	57	21	33	23	57	1	305	0	0	0	25
"russell,d'angelo"	lal	PG	80	2257	392	955	130	367	140	190	46	272	266	93	196	13	142	0	1054	1	0	0	48
"sacre,robert"	lal	C	25	320	31	75	0	0	25	38	32	72	14	4	12	10	43	1	87	0	0	0	1
"sampson,jakarr"	den	SG	26	473	54	116	8	29	18	25	16	61	16	12	19	17	51	0	134	0	0	0	22
"sampson,jakarr"	phi	SG	47	693	86	202	6	34	62	97	30	129	30	11	51	16	91	1	240	2	0	0	18
"sampson,jakarr"	tot	SG	73	1166	140	318	14	63	80	122	46	190	46	23	70	33	142	1	374	2	0	0	40
"schroder,dennis"	atl	PG	80	1614	329	782	77	239	144	182	25	205	349	71	184	9	138	0	879	0	0	0	6
"scola,luis"	tor	PF	76	1635	269	598	65	161	61	84	85	360	67	46	68	27	178	0	664	0	0	0	76
"scott,mike"	atl	PF	75	1155	176	376	62	158	50	63	53	206	78	25	42	17	102	0	464	0	0	0	0
"sefolosha,thabo"	atl	SG	75	1749	188	374	42	125	62	99	52	333	107	84	68	37	109	0	480	0	0	0	11
"seraphin,kevin"	nyk	PF	48	530	84	205	0	2	19	23	31	126	47	8	43	36	67	0	187	0	0	0	0
"sessions,ramon"	was	PG	82	1667	280	592	36	111	214	283	26	204	240	47	115	5	102	0	810	0	0	0	5
"shumpert,iman"	cle	SG	54	1319	114	305	43	146	40	51	32	203	92	54	56	19	119	1	311	1	0	0	5
"simmons,jonathon"	san	SG	55	811	122	241	18	47	69	92	16	95	58	24	53	5	103	0	331	0	0	0	2
"sims,henry"	bro	C	14	263	33	77	0	1	25	30	21	72	9	9	12	13	37	0	91	0	0	0	4
"singler,kyle"	okl	SF	68	983	86	221	30	97	29	44	50	141	24	30	32	9	120	0	231	0	0	0	2
"sloan,donald"	bro	PG	61	1317	154	350	38	99	78	104	17	173	268	32	80	4	73	0	424	0	0	0	33
"smart,marcus"	bos	PG	61	1666	184	529	61	241	129	166	76	255	186	91	80	18	183	1	558	2	0	0	10
"smith,greg"	min	PF	18	194	18	32	0	0	7	17	12	42	6	4	7	1	28	1	43	0	0	0	0
"smith,ish"	nor	PG	27	618	98	228	10	33	33	43	14	92	154	24	45	6	38	0	239	0	0	0	3
"smith,ish"	phi	PG	50	1622	299	739	46	137	89	133	29	213	348	64	130	18	95	0	733	0	0	0	50
"smith,ish"	tot	PG	77	2240	397	967	56	170	122	176	43	305	502	88	175	24	133	0	972	0	0	0	53
"smith,j.r."	cle	SG	77	2367	353	849	204	510	45	71	43	217	131	81	59	21	204	1	955	3	0	0	77
"smith,jason"	orl	PF	76	1180	244	503	4	16	54	67	53	218	62	33	57	65	163	1	546	1	0	0	2
"smith,josh"	hou	PF	23	418	58	169	23	85	12	25	18	67	47	16	36	13	56	1	151	1	0	0	6
"smith,josh"	lac	SF	32	460	69	180	18	58	25	42	34	126	42	18	41	34	62	0	181	0	0	0	1
"smith,josh"	tot	SF	55	878	127	349	41	143	37	67	52	193	89	34	77	47	118	1	332	1	0	0	7
"smith,russ"	mem	PG	15	65	7	22	1	5	8	13	1	9	11	5	7	1	5	0	23	0	0	0	0
"snell,tony"	chi	SF	64	1300	126	339	56	155	30	33	19	199	63	16	52	17	100	0	338	0	0	0	33
"speights,marrees"	gsw	C	72	836	197	456	24	62	94	114	77	239	61	19	66	34	117	0	512	2	0	0	0
"splitter,tiago"	atl	PF	36	579	81	155	0	2	39	48	45	121	30	20	24	12	71	0	201	0	0	0	2
"stauskas,nik"	phi	SG	73	1798	210	542	106	324	91	118	23	183	139	44	93	20	111	0	617	0	0	0	35
"stephenson,lance"	lac	SG	43	678	82	166	19	47	21	30	19	108	60	24	48	3	79	1	204	2	0	0	10
"stephenson,lance"	mem	SF	26	693	146	308	11	31	66	81	21	115	73	19	46	6	56	0	369	0	0	0	3
"stephenson,lance"	tot	SF	69	1371	228	474	30	78	87	111	40	223	133	43	94	9	135	1	573	2	0	0	13
"stepheson,alex"	lac	PF	4	12	1	1	0	0	0	2	1	2	0	0	0	2	4	0	2	0	0	0	0
"stepheson,alex"	mem	SF	4	60	8	26	0	0	4	10	18	26	2	1	0	3	8	1	20	0	0	0	0
"stepheson,alex"	tot	SF	8	72	9	27	0	0	4	12	19	28	2	1	0	5	12	1	22	0	0	0	0
"stokes,jarnell"	mem	PF	2	4	0	0	0	0	0	0	1	2	0	0	0	0	0	0	0	0	0	0	0
"stokes,jarnell"	mia	C	5	14	3	5	0	0	1	2	0	2	1	1	0	0	1	0	7	0	0	0	0
"stokes,jarnell"	tot	C	7	18	3	5	0	0	1	2	1	4	1	1	0	0	1	0	7	0	0	0	0
"stoudemire,amare"	mia	PF	52	765	125	221	0	0	50	67	65	222	27	19	47	41	92	0	300	2	0	0	36
"stuckey,rodney"	ind	PG	58	1275	183	444	20	83	131	158	19	156	142	43	76	8	77	0	517	1	0	0	1
"sullinger,jared"	bos	PF	81	1917	351	807	29	104	103	161	194	673	187	75	102	47	209	2	834	2	0	0	73
"tavares,walter"	atl	C	11	69	11	19	0	0	3	8	7	21	3	1	5	6	8	0	25	0	0	0	0
"teague,jeff"	atl	PG	79	2248	434	986	110	274	261	312	33	213	470	98	218	24	167	2	1239	0	0	0	78
"teletovic,mirza"	pho	PF	79	1683	332	777	181	460	120	155	55	302	90	32	84	21	159	1	965	1	0	0	1
"temple,garrett"	was	SG	80	1951	201	505	89	257	91	125	36	212	140	69	64	18	195	3	582	0	0	0	43
"terry,jason"	hou	SG	72	1261	151	376	93	261	27	33	14	78	103	47	49	9	91	0	422	1	0	0	7
"thomas,isaiah"	bos	PG	82	2647	591	1382	167	465	474	544	46	243	509	91	220	9	167	1	1823	9	0	0	79
"thomas,lance"	nyk	SF	59	1323	169	382	44	109	102	119	34	131	53	22	57	7	109	2	484	0	0	0	5
"thompson,hollis"	phi	SG	77	2158	270	681	149	393	69	96	55	274	99	36	76	24	187	2	758	0	0	0	17
"thompson,jason"	gsw	PF	28	178	20	42	0	0	20	32	10	54	19	4	7	8	40	0	60	1	0	0	1
"thompson,jason"	tor	C	19	293	32	66	5	15	18	22	22	79	10	8	8	12	40	0	87	0	0	0	6
"thompson,jason"	tot	C	47	471	52	108	5	15	38	54	32	133	29	12	15	20	80	0	147	1	0	0	7
"thompson,klay"	gsw	SG	80	2661	651	1386	276	648	193	221	35	306	166	60	138	50	152	0	1771	0	0	0	80
"thompson,tristan"	cle	C	82	2269	247	420	0	0	149	242	268	738	63	38	61	51	202	0	643	1	0	0	34
"thornton,marcus"	hou	SG	47	885	174	435	73	216	51	58	31	114	66	34	40	3	73	0	472	0	0	0	6
"thornton,marcus"	was	SG	14	225	42	107	18	55	16	21	7	35	19	13	11	1	17	0	118	0	0	0	2
"thornton,marcus"	tot	SG	61	1110	216	542	91	271	67	79	38	149	85	47	51	4	90	0	590	0	0	0	8
"tolliver,anthony"	det	PF	72	1338	128	333	98	272	29	47	39	229	52	26	28	16	86	0	383	0	0	0	5
"toupane,axel"	den	SG	21	307	25	70	13	40	13	17	8	31	15	7	6	6	40	0	76	0	0	0	0
"towns,karl-antho"	min	C	82	2621	625	1152	30	88	223	275	226	854	161	58	183	138	245	1	1503	2	0	0	82
"tucker,p.j."	pho	SF	82	2540	239	582	68	206	106	142	165	512	177	106	111	20	202	3	652	4	0	0	80
"turner,evan"	bos	SG	81	2270	343	753	20	83	148	179	50	397	359	80	169	28	139	0	854	2	0	0	12
"turner,myles"	ind	PF	60	1368	264	530	3	13	88	121	68	332	41	25	67	86	158	1	619	0	0	0	30
"udrih,beno"	mem	PG	8	121	20	46	4	11	3	3	2	9	26	3	11	1	11	0	47	0	0	0	0
"udrih,beno"	mia	PG	36	587	66	151	11	33	15	17	6	63	89	11	42	0	40	0	158	0	0	0	5
"udrih,beno"	tot	PG	44	708	86	197	15	44	18	20	8	72	115	14	53	1	51	0	205	0	0	0	5
"valanciunas,jona"	tor	C	60	1558	303	536	0	0	162	213	184	548	42	25	85	80	158	2	768	3	0	0	59
"varejao,anderson"	cle	PF	31	310	32	76	0	1	16	21	24	91	20	11	16	5	35	0	80	1	0	0	0
"varejao,anderson"	gsw	C	22	184	21	48	0	0	16	29	13	50	15	5	6	5	35	0	58	0	0	0	0
"varejao,anderson"	tot	C	53	494	53	124	0	1	32	50	37	141	35	16	22	10	70	0	138	1	0	0	0
"vasquez,greivis"	mil	PG	23	461	44	137	17	72	22	26	5	47	91	10	40	0	42	0	127	0	0	0	0
"vaughn,rashad"	mil	SG	70	1000	82	266	44	147	12	15	11	88	38	29	28	16	73	0	220	0	0	0	6
"villanueva,charl"	dal	PF	62	667	125	328	47	173	22	24	24	152	24	18	31	15	71	0	319	2	0	0	4
"vonleh,noah"	por	PF	78	1173	117	279	11	47	38	51	91	305	30	27	50	26	152	1	283	0	0	0	56
"vucevic,nikola"	orl	C	65	2038	533	1046	2	9	113	150	173	572	179	54	123	70	173	2	1181	2	0	0	60
"vujacic,sasha"	nyk	SG	61	910	106	277	52	143	32	39	26	149	84	34	44	5	83	0	296	1	0	0	25
"wade,dwyane"	mia	SG	74	2258	540	1183	7	44	322	406	82	302	344	79	203	42	116	0	1409	3	0	0	73
"waiters,dion"	okl	SG	78	2157	282	705	86	241	112	157	36	202	154	81	120	15	143	0	762	4	0	0	15
"walker,kemba"	cha	PG	81	2885	568	1332	182	490	371	438	56	358	421	127	171	39	111	0	1689	5	0	0	81
"wall,john"	was	PG	77	2783	572	1349	115	327	272	344	42	378	790	145	318	59	159	0	1531	7	0	0	77
"warren,t.j."	pho	SF	47	1065	221	441	28	70	45	64	57	147	44	37	32	16	94	0	515	0	0	0	4
"watson,c.j."	orl	PG	33	655	47	137	14	48	34	39	10	67	89	19	25	5	49	0	142	0	0	0	2
"weber,briante"	mem	PG	6	167	13	38	0	5	3	4	8	24	20	9	9	3	11	0	29	0	0	0	4
"weber,briante"	mia	PG	1	3	1	1	0	0	0	0	0	1	1	0	0	0	1	0	2	0	0	0	0
"weber,briante"	tot	PG	7	170	14	39	0	5	3	4	8	25	21	9	9	3	12	0	31	0	0	0	4
"weems,sonny"	phi	SF	7	78	7	21	2	9	1	2	1	12	2	0	4	0	7	0	17	0	0	0	0
"weems,sonny"	pho	SG	36	423	35	90	13	33	7	13	6	41	47	10	37	1	40	0	90	0	0	0	0
"weems,sonny"	tot	SG	43	501	42	111	15	42	8	15	7	53	49	10	41	1	47	0	107	0	0	0	0
"west,david"	san	PF	78	1408	244	448	3	7	63	80	72	309	143	44	67	55	142	1	554	2	0	0	19
"westbrook,russel"	okl	PG	80	2749	656	1444	101	341	465	573	145	628	836	163	342	20	200	2	1878	6	0	0	80
"whiteside,hassan"	mia	C	73	2122	412	681	0	0	214	329	238	865	30	44	137	269	201	2	1038	2	0	0	43
"whittington,shay"	ind	PF	7	41	5	11	0	2	1	2	5	12	3	1	5	1	7	0	11	0	0	0	0
"wiggins,andrew"	min	SF	81	2844	594	1294	57	190	430	565	107	294	164	78	182	46	165	1	1675	1	0	0	81
"wilcox,c.j."	lac	SG	23	168	26	66	9	23	9	12	1	12	10	10	2	2	15	0	70	0	0	0	0
"williams,alan"	pho	C	10	67	10	24	0	0	9	14	14	38	5	4	6	5	15	0	29	0	0	0	0
"williams,deron"	dal	PG	65	2107	321	775	97	282	179	206	20	191	378	61	150	14	155	0	918	0	0	0	63
"williams,derrick"	nyk	PF	80	1442	254	565	44	150	194	256	47	296	75	30	61	9	69	0	746	0	0	0	9
"williams,elliot"	mem	SG	5	46	2	10	1	4	3	4	1	4	4	1	1	0	2	0	8	0	0	0	0
"williams,louis"	lal	SG	67	1911	283	695	110	321	352	424	32	170	167	62	107	19	107	1	1028	1	0	0	35
"williams,marvin"	cha	PF	81	2339	338	747	152	379	120	144	127	520	110	58	62	77	133	1	948	0	0	0	81
"williams,mo"	cle	PG	41	748	132	302	36	102	38	42	6	72	98	14	57	5	60	0	338	1	0	0	14
"winslow,justise"	mia	SF	78	2237	196	463	32	116	80	117	81	403	117	68	95	26	184	0	504	0	0	0	8
"withey,jeff"	uta	C	51	653	87	161	0	2	43	59	56	173	19	21	28	53	74	1	217	0	0	0	10
"wood,christian"	phi	PF	17	146	22	53	4	11	13	21	13	38	3	5	2	7	11	0	61	0	0	0	0
"wright,brandan"	mem	PF	12	213	35	52	0	0	13	24	14	43	6	5	10	15	21	0	83	0	0	0	2
"wright,delon"	tor	PG	27	231	36	81	5	13	26	35	8	37	31	8	16	3	7	0	103	0	0	0	1
"wroten,tony"	phi	SG	8	145	22	65	3	17	20	37	2	21	20	3	29	0	11	0	67	0	0	0	3
"young,james"	bos	SG	29	200	11	36	6	26	1	4	4	26	9	6	5	1	17	0	29	0	0	0	0
"young,joseph"	ind	PG	41	384	62	170	10	46	20	25	6	50	65	15	33	0	30	0	154	0	0	0	0
"young,nick"	lal	SF	54	1036	126	372	77	237	63	76	14	97	34	23	30	7	50	0	392	1	0	0	2
"young,thaddeus"	bro	SF	73	2413	495	963	7	30	105	163	177	661	135	112	136	37	182	3	1102	1	0	0	73
"zeller,cody"	cha	PF	73	1773	231	437	1	10	175	232	138	456	71	57	68	63	204	4	638	0	0	0	60
"zeller,tyler"	bos	C	60	714	138	290	0	0	88	108	62	178	29	10	46	22	97	1	364	0	0	0	3
